v 0.482171 0.540291 0.58884
vn -0.102912 0.401062 0.910252
#_#tangent -0.987859 -0.148279 -0.0463541
#_#binormal 0.11638 -0.903971 0.411452
vt 0.285839 0.46582
v 0.482171 0.540291 0.58884
vn -0.102912 0.401062 0.910252
#_#tangent -0.987859 -0.148279 -0.0463541
#_#binormal 0.11638 -0.903971 0.411452
vt 0.285841 0.38889
v 0.445478 0.457864 0.621793
vn -0.544693 0.401375 0.736347
#_#tangent -0.559299 0.480389 -0.675582
#_#binormal -0.624895 -0.779823 -0.0371756
vt 0.313989 0.546153
v 0.445478 0.457864 0.621793
vn -0.544693 0.401375 0.736347
#_#tangent -0.559299 0.480389 -0.675582
#_#binormal -0.624895 -0.779823 -0.0371756
vt 0.865658 0.437003
v 0.372988 0.358514 0.461911
vn -0.736827 -0.67579 0.0198614
#_#tangent 0.67508 -0.737016 -0.032782
#_#binormal 0.0367919 -0.0107466 0.999265
vt 0.595008 0.175188
v 0.372988 0.358514 0.461911
vn -0.736827 -0.67579 0.0198614
#_#tangent 0.67508 -0.737016 -0.032782
#_#binormal 0.0367919 -0.0107466 0.999265
vt 0.950089 0.767755
v 0.556807 0.405078 0.395888
vn -0.23627 -0.915429 -0.325832
#_#tangent 0.921673 -0.104938 -0.373506
#_#binormal 0.307726 -0.388559 0.86852
vt 0.921745 0.919355
v 0.556807 0.405078 0.395888
vn -0.23627 -0.915429 -0.325832
#_#tangent 0.921673 -0.104938 -0.373506
#_#binormal 0.307726 -0.388559 0.86852
vt 0.771839 0.510581
v 0.556807 0.405078 0.395888
vn -0.23627 -0.915429 -0.325832
#_#tangent 0.921673 -0.104938 -0.373506
#_#binormal 0.307726 -0.388559 0.86852
vt 0.163884 0.188773
v 0.62346 0.493899 0.316352
vn 0.986568 -0.0492721 0.155743
#_#tangent -0.093351 -0.966087 0.240753
#_#binormal 0.0888074 -0.248924 -0.964443
vt 0.528803 0.780967
v 0.62346 0.493899 0.316352
vn 0.986568 -0.0492721 0.155743
#_#tangent -0.093351 -0.966087 0.240753
#_#binormal 0.0888074 -0.248924 -0.964443
vt 0.41918 0.583135
v 0.527646 0.40033 0.532344
vn 0.777865 -0.607882 0.159392
#_#tangent 0.608668 0.568606 -0.553363
#_#binormal 0.226963 0.543515 0.808133
vt 0.928 0.0226137
v 0.527646 0.40033 0.532344
vn 0.777865 -0.607882 0.159392
#_#tangent 0.608668 0.568606 -0.553363
#_#binormal 0.226963 0.543515 0.808133
vt 0.673825 0.0763796
v 0.527646 0.40033 0.532344
vn 0.777865 -0.607882 0.159392
#_#tangent 0.608668 0.568606 -0.553363
#_#binormal 0.226963 0.543515 0.808133
vt 0.700006 0.61138
v 0.527646 0.40033 0.532344
vn 0.777865 -0.607882 0.159392
#_#tangent 0.608668 0.568606 -0.553363
#_#binormal 0.226963 0.543515 0.808133
vt 0.137854 0.430458
v 0.550908 0.513028 0.426742
vn 0.312528 0.681489 -0.66174
#_#tangent 0.679922 -0.646969 -0.345163
#_#binormal -0.66335 -0.342059 -0.665555
vt 0.850664 0.173134
v 0.550908 0.513028 0.426742
vn 0.312528 0.681489 -0.66174
#_#tangent 0.679922 -0.646969 -0.345163
#_#binormal -0.66335 -0.342059 -0.665555
vt 0.25008 0.257768
v 0.491258 0.489039 0.390379
vn 0.167734 0.0682136 -0.983469
#_#tangent -0.983734 0.076632 -0.162464
#_#binormal 0.064283 0.994723 0.0799579
vt 0.0512914 0.0651807
v 0.491258 0.489039 0.390379
vn 0.167734 0.0682136 -0.983469
#_#tangent -0.983734 0.076632 -0.162464
#_#binormal 0.064283 0.994723 0.0799579
vt 0.355469 0.00976563
v 0.434136 0.480161 0.423216
vn -0.270041 0.523338 -0.808205
#_#tangent -0.725134 0.44821 0.52277
#_#binormal 0.641635 0.715374 0.276666
vt 0.115802 0.728731
v 0.434136 0.480161 0.423216
vn -0.270041 0.523338 -0.808205
#_#tangent -0.725134 0.44821 0.52277
#_#binormal 0.641635 0.715374 0.276666
vt 0.103673 0.0320484
v 0.434136 0.480161 0.423216
vn -0.270041 0.523338 -0.808205
#_#tangent -0.725134 0.44821 0.52277
#_#binormal 0.641635 0.715374 0.276666
vt 0.769603 0.139194
v 0.469522 0.339441 0.418121
vn 0.446431 -0.278271 -0.85045
#_#tangent 0.609405 -0.601391 0.516676
#_#binormal -0.655228 -0.748929 -0.0988998
vt 0.461652 0.108318
v 0.60485 0.506962 0.229411
vn -0.809071 -0.577785 -0.107559
#_#tangent -0.419292 0.695709 -0.583252
#_#binormal 0.411824 -0.426794 -0.805138
vt 0.627635 0.767968
v 0.423782 0.167886 0.511576
vn -0.0829314 -0.978386 -0.189428
#_#tangent 0.743878 0.0691472 -0.664729
#_#binormal 0.65722 -0.256179 0.708826
vt 0.121943 0.804717
v 0.462066 0.224477 0.617015
vn 0.954952 -0.0188916 0.296158
#_#tangent -0.225665 -0.784598 0.577478
#_#binormal 0.2426 -0.619353 -0.74669
vt 0.41653 0.564367
v 0.462066 0.224477 0.617015
vn 0.954952 -0.0188916 0.296158
#_#tangent -0.225665 -0.784598 0.577478
#_#binormal 0.2426 -0.619353 -0.74669
vt 0.674856 0.414102
v 0.462066 0.224477 0.617015
vn 0.954952 -0.0188916 0.296158
#_#tangent -0.225665 -0.784598 0.577478
#_#binormal 0.2426 -0.619353 -0.74669
vt 0.777344 0.262959
v 0.426963 0.261544 0.693624
vn 0.270871 0.959505 0.0773218
#_#tangent 0.350449 -0.173107 0.920445
#_#binormal 0.896557 -0.222225 -0.383148
vt 0.717785 0.343277
v 0.404647 0.871912 0.404564
vn -0.265052 0.655058 0.707563
#_#tangent 0.943702 0.0256062 0.329804
#_#binormal 0.197923 0.755144 -0.624967
vt 0.0717646 0.306431
v 0.404647 0.871912 0.404564
vn -0.265052 0.655058 0.707563
#_#tangent 0.943702 0.0256062 0.329804
#_#binormal 0.197923 0.755144 -0.624967
vt 0.834267 0.917191
v 0.404647 0.871912 0.404564
vn -0.265052 0.655058 0.707563
#_#tangent 0.943702 0.0256062 0.329804
#_#binormal 0.197923 0.755144 -0.624967
vt 0.259772 0.924586
v 0.404647 0.871912 0.404564
vn -0.265052 0.655058 0.707563
#_#tangent 0.943702 0.0256062 0.329804
#_#binormal 0.197923 0.755144 -0.624967
vt 0.262806 0.901476
v 0.404647 0.871912 0.404564
vn -0.265052 0.655058 0.707563
#_#tangent 0.943702 0.0256062 0.329804
#_#binormal 0.197923 0.755144 -0.624967
vt 0.876313 0.988809
v 0.465874 0.777297 0.386116
vn 0.0386645 -0.398285 -0.916447
#_#tangent -0.612067 -0.734388 0.293339
#_#binormal -0.78986 0.549585 -0.272172
vt 0.232095 0.491626
v 0.465874 0.777297 0.386116
vn 0.0386645 -0.398285 -0.916447
#_#tangent -0.612067 -0.734388 0.293339
#_#binormal -0.78986 0.549585 -0.272172
vt 0.577274 0.496945
v 0.516865 0.737511 0.456956
vn 0.935566 0.336214 -0.10806
#_#tangent -0.0669871 0.469382 0.880451
#_#binormal 0.346741 -0.816481 0.46166
vt 0.0490355 0.635629
v 0.516865 0.737511 0.456956
vn 0.935566 0.336214 -0.10806
#_#tangent -0.0669871 0.469382 0.880451
#_#binormal 0.346741 -0.816481 0.46166
vt 0.529297 0.426476
v 0.356938 0.229232 0.510137
vn -0.880157 0.29574 -0.371298
#_#tangent 0.408904 0.0751028 -0.909482
#_#binormal -0.241084 -0.952312 -0.187031
vt 0.20479 0.628398
v 0.356938 0.229232 0.510137
vn -0.880157 0.29574 -0.371298
#_#tangent 0.408904 0.0751028 -0.909482
#_#binormal -0.241084 -0.952312 -0.187031
vt 0.549722 0.291876
v 0.554575 0.042096 0.758294
vn 0.963126 0.257897 0.0766609
#_#tangent 0.0557129 0.0875864 -0.994598
#_#binormal -0.263218 0.962194 0.0699886
vt 0.158905 0.731704
v 0.554575 0.042096 0.758294
vn 0.963126 0.257897 0.0766609
#_#tangent 0.0557129 0.0875864 -0.994598
#_#binormal -0.263218 0.962194 0.0699886
vt 0.158825 0.948511
v 0.45444 0.089477 0.707674
vn -0.648187 -0.699559 0.300783
#_#tangent -0.42766 0.00761021 -0.903908
#_#binormal 0.630048 -0.714534 -0.304106
vt 0.626163 0.298438
v 0.453607 0.613911 0.504577
vn -0.923526 0.243037 0.296702
#_#tangent -0.334932 -0.134138 -0.932645
#_#binormal -0.186869 -0.960698 0.205281
vt 0.446513 0.426687
v 0.453607 0.613911 0.504577
vn -0.923526 0.243037 0.296702
#_#tangent -0.334932 -0.134138 -0.932645
#_#binormal -0.186869 -0.960698 0.205281
vt 0.824416 0.00976563
v 0.437388 0.154489 0.586429
vn 0.307386 -0.919593 -0.244667
#_#tangent -0.87155 -0.168856 -0.460313
#_#binormal 0.381988 0.354734 -0.853375
vt 0.733423 0.262513
v 0.381929 0.489199 0.489914
vn -0.835666 0.538567 -0.107744
#_#tangent 0.532218 0.745577 -0.401073
#_#binormal -0.135673 -0.392506 -0.909688
vt 0.715409 0.0834045
v 0.425298 0.43357 0.389122
vn 0.557197 0.318126 -0.767025
#_#tangent -0.762274 -0.170403 -0.624421
#_#binormal -0.329348 0.932608 0.147552
vt 0.124616 0.688896
v 0.425298 0.43357 0.389122
vn 0.557197 0.318126 -0.767025
#_#tangent -0.762274 -0.170403 -0.624421
#_#binormal -0.329348 0.932608 0.147552
vt 0.209851 0.416786
v 0.411963 0.354927 0.436707
vn -0.335118 -0.220902 -0.915914
#_#tangent 0.738102 -0.665745 -0.109494
#_#binormal -0.585577 -0.712732 0.386151
vt 0.975107 0.732653
v 0.411963 0.354927 0.436707
vn -0.335118 -0.220902 -0.915914
#_#tangent 0.738102 -0.665745 -0.109494
#_#binormal -0.585577 -0.712732 0.386151
vt 0.414528 0.144544
v 0.401649 0.366345 0.237884
vn 0.787624 0.407363 -0.462282
#_#tangent -0.614163 0.45873 -0.642161
#_#binormal -0.0495299 0.789698 0.611494
vt 0.915303 0.653118
v 0.401649 0.366345 0.237884
vn 0.787624 0.407363 -0.462282
#_#tangent -0.614163 0.45873 -0.642161
#_#binormal -0.0495299 0.789698 0.611494
vt 0.891732 0.880503
v 0.579893 0.458095 0.487496
vn 0.931253 -0.171728 0.321369
#_#tangent -0.0299755 -0.915092 -0.40213
#_#binormal 0.363139 0.364851 -0.857329
vt 0.893347 0.0941124
v 0.504706 0.402941 0.592624
vn 0.913911 -0.242127 0.325794
#_#tangent 0.376852 0.207871 -0.902647
#_#binormal 0.150832 0.947715 0.281222
vt 0.618737 0.0916857
v 0.391751 0.25441 0.634895
vn -0.870516 0.450934 0.19713
#_#tangent -0.385723 -0.376387 -0.842348
#_#binormal -0.305646 -0.809315 0.501587
vt 0.938077 0.1781
v 0.391751 0.25441 0.634895
vn -0.870516 0.450934 0.19713
#_#tangent -0.385723 -0.376387 -0.842348
#_#binormal -0.305646 -0.809315 0.501587
vt 0.951092 0.427917
v 0.490855 0.226346 0.563586
vn 0.955366 -0.200703 0.216781
#_#tangent 0.106768 -0.449627 -0.886812
#_#binormal 0.275456 0.870376 -0.40813
vt 0.410156 0.510435
v 0.490855 0.226346 0.563586
vn 0.955366 -0.200703 0.216781
#_#tangent 0.106768 -0.449627 -0.886812
#_#binormal 0.275456 0.870376 -0.40813
vt 0.818852 0.298746
v 0.515309 0.134149 0.705618
vn 0.933295 0.228706 -0.276863
#_#tangent -0.0261995 0.811285 0.584063
#_#binormal 0.409118 -0.524391 0.746751
vt 0.598633 0.481313
v 0.515309 0.134149 0.705618
vn 0.933295 0.228706 -0.276863
#_#tangent -0.0261995 0.811285 0.584063
#_#binormal 0.409118 -0.524391 0.746751
vt 0.585968 0.786133
v 0.515309 0.134149 0.705618
vn 0.933295 0.228706 -0.276863
#_#tangent -0.0261995 0.811285 0.584063
#_#binormal 0.409118 -0.524391 0.746751
vt 0.583008 0.93056
v 0.515309 0.134149 0.705618
vn 0.933295 0.228706 -0.276863
#_#tangent -0.0261995 0.811285 0.584063
#_#binormal 0.409118 -0.524391 0.746751
vt 0.549534 0.932142
v 0.515309 0.134149 0.705618
vn 0.933295 0.228706 -0.276863
#_#tangent -0.0261995 0.811285 0.584063
#_#binormal 0.409118 -0.524391 0.746751
vt 0.118137 0.916016
v 0.515309 0.134149 0.705618
vn 0.933295 0.228706 -0.276863
#_#tangent -0.0261995 0.811285 0.584063
#_#binormal 0.409118 -0.524391 0.746751
vt 0.350561 0.911275
v 0.442692 0.235461 0.776741
vn 0.140484 0.752814 0.643068
#_#tangent 0.623842 0.437053 -0.647924
#_#binormal -0.768821 0.492196 -0.408238
vt 0.149126 0.562337
v 0.477688 0.711797 0.499935
vn -0.800423 0.132164 0.584684
#_#tangent -0.597526 -0.0981146 -0.795825
#_#binormal -0.0478137 -0.98636 0.157505
vt 0.285979 0.23248
v 0.477688 0.711797 0.499935
vn -0.800423 0.132164 0.584684
#_#tangent -0.597526 -0.0981146 -0.795825
#_#binormal -0.0478137 -0.98636 0.157505
vt 0.39244 0.355469
v 0.477688 0.711797 0.499935
vn -0.800423 0.132164 0.584684
#_#tangent -0.597526 -0.0981146 -0.795825
#_#binormal -0.0478137 -0.98636 0.157505
vt 0.213172 0.771281
v 0.379398 0.41447 0.571692
vn -0.933607 -0.0382204 0.356253
#_#tangent 0.350687 0.106365 0.930433
#_#binormal -0.0734544 0.993592 -0.0858997
vt 0.789504 0.475524
v 0.379398 0.41447 0.571692
vn -0.933607 -0.0382204 0.356253
#_#tangent 0.350687 0.106365 0.930433
#_#binormal -0.0734544 0.993592 -0.0858997
vt 0.926621 0.495545
v 0.382442 0.331252 0.613526
vn -0.802078 0.0524 0.594916
#_#tangent -0.559423 0.282829 -0.779137
#_#binormal -0.209086 -0.957738 -0.197537
vt 0.743824 0.406325
v 0.382442 0.331252 0.613526
vn -0.802078 0.0524 0.594916
#_#tangent -0.559423 0.282829 -0.779137
#_#binormal -0.209086 -0.957738 -0.197537
vt 0.950302 0.352859
v 0.518062 0.640207 0.533235
vn 0.741048 0.316601 0.592124
#_#tangent 0.642665 -0.589881 -0.488899
#_#binormal 0.194497 0.742835 -0.640599
vt 0.362305 0.43538
v 0.518062 0.640207 0.533235
vn 0.741048 0.316601 0.592124
#_#tangent 0.642665 -0.589881 -0.488899
#_#binormal 0.194497 0.742835 -0.640599
vt 0.1875 0.688805
v 0.518062 0.640207 0.533235
vn 0.741048 0.316601 0.592124
#_#tangent 0.642665 -0.589881 -0.488899
#_#binormal 0.194497 0.742835 -0.640599
vt 0.186523 0.0898675
v 0.48842 0.084284 0.725003
vn 0.29495 -0.888243 -0.352177
#_#tangent -0.714699 -0.449716 0.535686
#_#binormal -0.6342 0.0937001 -0.767471
vt 0.56895 0.899091
v 0.496636 0.039114 0.67595
vn -0.125379 -0.761149 0.636343
#_#tangent -0.946603 0.283806 0.15296
#_#binormal -0.297023 -0.583186 -0.75609
vt 0.462161 0.781257
v 0.496636 0.039114 0.67595
vn -0.125379 -0.761149 0.636343
#_#tangent -0.946603 0.283806 0.15296
#_#binormal -0.297023 -0.583186 -0.75609
vt 0.624698 0.869185
v 0.496636 0.039114 0.67595
vn -0.125379 -0.761149 0.636343
#_#tangent -0.946603 0.283806 0.15296
#_#binormal -0.297023 -0.583186 -0.75609
vt 0.635292 0.361976
v 0.345046 0.928388 0.266366
vn 0.782461 -0.0698908 -0.618765
#_#tangent 0.486321 0.689188 0.537133
#_#binormal 0.388904 -0.721204 0.573252
vt 0.521476 0.648267
v 0.345046 0.928388 0.266366
vn 0.782461 -0.0698908 -0.618765
#_#tangent 0.486321 0.689188 0.537133
#_#binormal 0.388904 -0.721204 0.573252
vt 0.716044 0.859172
v 0.345046 0.928388 0.266366
vn 0.782461 -0.0698908 -0.618765
#_#tangent 0.486321 0.689188 0.537133
#_#binormal 0.388904 -0.721204 0.573252
vt 0.833779 0.649414
v 0.439378 0.77528 0.427931
vn -0.865917 -0.47677 -0.151255
#_#tangent -0.404445 0.489464 0.77256
#_#binormal -0.294299 0.730148 -0.616662
vt 0.274347 0.505704
v 0.439378 0.77528 0.427931
vn -0.865917 -0.47677 -0.151255
#_#tangent -0.404445 0.489464 0.77256
#_#binormal -0.294299 0.730148 -0.616662
vt 0.362276 0.182787
v 0.439378 0.77528 0.427931
vn -0.865917 -0.47677 -0.151255
#_#tangent -0.404445 0.489464 0.77256
#_#binormal -0.294299 0.730148 -0.616662
vt 0.0249501 0.225107
v 0.435213 0.189147 0.792144
vn -0.683646 -0.17841 0.707671
#_#tangent -0.493861 0.827017 -0.268597
#_#binormal -0.537335 -0.533117 -0.653497
vt 0.1036 0.549118
v 0.435213 0.189147 0.792144
vn -0.683646 -0.17841 0.707671
#_#tangent -0.493861 0.827017 -0.268597
#_#binormal -0.537335 -0.533117 -0.653497
vt 0.422283 0.696201
v 0.432582 0.859187 0.407309
vn 0.539228 0.771849 0.336872
#_#tangent 0.694592 -0.18142 -0.696153
#_#binormal -0.47621 0.609374 -0.633946
vt 0.0901123 0.286201
v 0.432582 0.859187 0.407309
vn 0.539228 0.771849 0.336872
#_#tangent 0.694592 -0.18142 -0.696153
#_#binormal -0.47621 0.609374 -0.633946
vt 0.279084 0.905273
v 0.424102 0.298363 0.640796
vn -0.132763 0.0300278 0.990693
#_#tangent -0.945333 -0.304217 -0.117464
#_#binormal 0.297859 -0.952129 0.0687752
vt 0.915494 0.395301
v 0.329776 0.920631 0.275147
vn -0.733616 -0.675206 -0.0768404
#_#tangent 0.566752 -0.630631 -0.530185
#_#binormal 0.318025 -0.426188 0.84689
vt 0.500088 0.654161
v 0.329776 0.920631 0.275147
vn -0.733616 -0.675206 -0.0768404
#_#tangent 0.566752 -0.630631 -0.530185
#_#binormal 0.318025 -0.426188 0.84689
vt 0.816406 0.661281
v 0.311631 0.982494 0.235721
vn -0.0338084 0.869577 0.492639
#_#tangent -0.950224 -0.180726 0.253796
#_#binormal 0.309727 -0.459537 0.832403
vt 0.47017 0.592864
v 0.311631 0.982494 0.235721
vn -0.0338084 0.869577 0.492639
#_#tangent -0.950224 -0.180726 0.253796
#_#binormal 0.309727 -0.459537 0.832403
vt 0.741248 0.800571
v 0.407589 0.851129 0.343769
vn -0.220632 -0.719119 -0.658931
#_#tangent 0.708473 -0.584449 0.395582
#_#binormal -0.663425 -0.360372 0.655743
vt 0.197166 0.575979
v 0.407589 0.851129 0.343769
vn -0.220632 -0.719119 -0.658931
#_#tangent 0.708473 -0.584449 0.395582
#_#binormal -0.663425 -0.360372 0.655743
vt 0.882983 0.749774
v 0.363722 0.402815 0.388511
vn -0.919513 0.382839 -0.089051
#_#tangent 0.404484 0.823455 -0.397887
#_#binormal -0.105538 -0.390131 -0.914691
vt 0.946776 0.865098
v 0.363722 0.402815 0.388511
vn -0.919513 0.382839 -0.089051
#_#tangent 0.404484 0.823455 -0.397887
#_#binormal -0.105538 -0.390131 -0.914691
vt 0.140104 0.42096
v 0.363722 0.402815 0.388511
vn -0.919513 0.382839 -0.089051
#_#tangent 0.404484 0.823455 -0.397887
#_#binormal -0.105538 -0.390131 -0.914691
vt 0.32898 0.672991
v 0.494546 0.256606 0.473641
vn 0.730374 -0.451342 -0.512684
#_#tangent -0.682056 -0.441493 -0.582995
#_#binormal 0.0367837 0.775483 -0.630296
vt 0.404784 0.3362
v 0.494546 0.256606 0.473641
vn 0.730374 -0.451342 -0.512684
#_#tangent -0.682056 -0.441493 -0.582995
#_#binormal 0.0367837 0.775483 -0.630296
vt 0.869217 0.367235
v 0.494546 0.256606 0.473641
vn 0.730374 -0.451342 -0.512684
#_#tangent -0.682056 -0.441493 -0.582995
#_#binormal 0.0367837 0.775483 -0.630296
vt 0.0349481 0.531676
v 0.374093 0.385973 0.530144
vn -0.992837 -0.00836477 0.119182
#_#tangent -0.11124 0.530356 -0.840445
#_#binormal 0.00148223 -0.845604 -0.533808
vt 0.749265 0.496433
v 0.374093 0.385973 0.530144
vn -0.992837 -0.00836477 0.119182
#_#tangent -0.11124 0.530356 -0.840445
#_#binormal 0.00148223 -0.845604 -0.533808
vt 0.534072 0.151793
v 0.374093 0.385973 0.530144
vn -0.992837 -0.00836477 0.119182
#_#tangent -0.11124 0.530356 -0.840445
#_#binormal 0.00148223 -0.845604 -0.533808
vt 0.898892 0.460388
v 0.577445 0.508108 0.368855
vn -0.438933 0.898465 0.00991357
#_#tangent 0.0381611 0.00761752 0.999243
#_#binormal 0.897709 0.438979 -0.03763
vt 0.898122 0.206304
v 0.577445 0.508108 0.368855
vn -0.438933 0.898465 0.00991357
#_#tangent 0.0381611 0.00761752 0.999243
#_#binormal 0.897709 0.438979 -0.03763
vt 0.870305 0.547955
v 0.577445 0.508108 0.368855
vn -0.438933 0.898465 0.00991357
#_#tangent 0.0381611 0.00761752 0.999243
#_#binormal 0.897709 0.438979 -0.03763
vt 0.205483 0.287136
v 0.479924 0.7571 0.499558
vn -0.372645 0.306377 0.875939
#_#tangent -0.486957 0.73896 -0.465629
#_#binormal -0.789942 -0.600059 -0.126178
vt 0.290565 0.19255
v 0.479924 0.7571 0.499558
vn -0.372645 0.306377 0.875939
#_#tangent -0.486957 0.73896 -0.465629
#_#binormal -0.789942 -0.600059 -0.126178
vt 0.251791 0.782431
v 0.516571 0.452239 0.410684
vn -0.143107 -0.130185 -0.981108
#_#tangent -0.245251 0.965057 -0.092282
#_#binormal 0.958839 0.227412 -0.170035
vt 0.0102935 0.0463019
v 0.516571 0.452239 0.410684
vn -0.143107 -0.130185 -0.981108
#_#tangent -0.245251 0.965057 -0.092282
#_#binormal 0.958839 0.227412 -0.170035
vt 0.730388 0.472199
v 0.516571 0.452239 0.410684
vn -0.143107 -0.130185 -0.981108
#_#tangent -0.245251 0.965057 -0.092282
#_#binormal 0.958839 0.227412 -0.170035
vt 0.217624 0.206388
v 0.373203 0.196792 0.555357
vn -0.629688 -0.666224 0.399548
#_#tangent 0.736374 -0.348039 0.580191
#_#binormal -0.247479 0.659556 0.709747
vt 0.545774 0.695749
v 0.373203 0.196792 0.555357
vn -0.629688 -0.666224 0.399548
#_#tangent 0.736374 -0.348039 0.580191
#_#binormal -0.247479 0.659556 0.709747
vt 0.860882 0.846688
v 0.373203 0.196792 0.555357
vn -0.629688 -0.666224 0.399548
#_#tangent 0.736374 -0.348039 0.580191
#_#binormal -0.247479 0.659556 0.709747
vt 0.726086 0.905131
v 0.493211 0.172504 0.712917
vn 0.766382 0.551486 -0.329426
#_#tangent -0.444552 0.8255 0.34774
#_#binormal 0.463715 -0.120054 0.877813
vt 0.638014 0.473263
v 0.507531 0.112745 0.655175
vn 0.770175 0.377221 -0.514329
#_#tangent 0.318072 -0.926094 -0.202927
#_#binormal -0.552866 -0.00730509 -0.833238
vt 0.728516 0.919922
v 0.507531 0.112745 0.655175
vn 0.770175 0.377221 -0.514329
#_#tangent 0.318072 -0.926094 -0.202927
#_#binormal -0.552866 -0.00730509 -0.833238
vt 0.468958 0.948477
v 0.507531 0.112745 0.655175
vn 0.770175 0.377221 -0.514329
#_#tangent 0.318072 -0.926094 -0.202927
#_#binormal -0.552866 -0.00730509 -0.833238
vt 0.684597 0.913086
v 0.507531 0.112745 0.655175
vn 0.770175 0.377221 -0.514329
#_#tangent 0.318072 -0.926094 -0.202927
#_#binormal -0.552866 -0.00730509 -0.833238
vt 0.410156 0.97561
v 0.507531 0.112745 0.655175
vn 0.770175 0.377221 -0.514329
#_#tangent 0.318072 -0.926094 -0.202927
#_#binormal -0.552866 -0.00730509 -0.833238
vt 0.985721 0.918792
v 0.507531 0.112745 0.655175
vn 0.770175 0.377221 -0.514329
#_#tangent 0.318072 -0.926094 -0.202927
#_#binormal -0.552866 -0.00730509 -0.833238
vt 0.0169431 0.888361
v 0.381968 0.353099 0.301488
vn -0.201766 -0.946291 0.252635
#_#tangent -0.923888 0.269513 0.271651
#_#binormal -0.32515 -0.178597 -0.928645
vt 0.809705 0.776755
v 0.381968 0.353099 0.301488
vn -0.201766 -0.946291 0.252635
#_#tangent -0.923888 0.269513 0.271651
#_#binormal -0.32515 -0.178597 -0.928645
vt 0.654441 0.687227
v 0.381968 0.353099 0.301488
vn -0.201766 -0.946291 0.252635
#_#tangent -0.923888 0.269513 0.271651
#_#binormal -0.32515 -0.178597 -0.928645
vt 0.989094 0.78251
v 0.381968 0.353099 0.301488
vn -0.201766 -0.946291 0.252635
#_#tangent -0.923888 0.269513 0.271651
#_#binormal -0.32515 -0.178597 -0.928645
vt 0.329408 0.762327
v 0.362783 0.403835 0.312852
vn -0.959505 0.241835 -0.144452
#_#tangent -0.199518 -0.945443 -0.257545
#_#binormal -0.198854 -0.218295 0.955408
vt 0.941376 0.798257
v 0.362783 0.403835 0.312852
vn -0.959505 0.241835 -0.144452
#_#tangent -0.199518 -0.945443 -0.257545
#_#binormal -0.198854 -0.218295 0.955408
vt 0.698751 0.817527
v 0.362783 0.403835 0.312852
vn -0.959505 0.241835 -0.144452
#_#tangent -0.199518 -0.945443 -0.257545
#_#binormal -0.198854 -0.218295 0.955408
vt 0.304905 0.798175
v 0.523064 0.632819 0.430243
vn 0.741991 0.0681736 -0.666934
#_#tangent -0.646045 -0.255539 -0.719254
#_#binormal -0.241557 0.962312 -0.124924
vt 0.0690802 0.197195
v 0.523064 0.632819 0.430243
vn 0.741991 0.0681736 -0.666934
#_#tangent -0.646045 -0.255539 -0.719254
#_#binormal -0.241557 0.962312 -0.124924
vt 0.20987 0.18731
v 0.523064 0.632819 0.430243
vn 0.741991 0.0681736 -0.666934
#_#tangent -0.646045 -0.255539 -0.719254
#_#binormal -0.241557 0.962312 -0.124924
vt 0.592857 0.35465
v 0.495808 0.627615 0.407005
vn -0.091553 0.0925767 -0.991488
#_#tangent -0.944375 0.307757 0.115938
#_#binormal 0.315871 0.94695 0.0592511
vt 0.373463 0.318978
v 0.495808 0.627615 0.407005
vn -0.091553 0.0925767 -0.991488
#_#tangent -0.944375 0.307757 0.115938
#_#binormal 0.315871 0.94695 0.0592511
vt 0.0958884 0.177348
v 0.495808 0.627615 0.407005
vn -0.091553 0.0925767 -0.991488
#_#tangent -0.944375 0.307757 0.115938
#_#binormal 0.315871 0.94695 0.0592511
vt 0.622117 0.367788
v 0.497492 0.528761 0.38749
vn 0.375929 -0.0985184 -0.921397
#_#tangent -0.765886 0.526695 -0.368796
#_#binormal 0.521628 0.844326 0.122546
vt 0.0603799 0.0986722
v 0.581805 0.503442 0.450446
vn 0.874259 0.481231 -0.0639397
#_#tangent 0.444201 -0.846123 -0.294554
#_#binormal -0.195849 0.229114 -0.953494
vt 0.867899 0.139058
v 0.581805 0.503442 0.450446
vn 0.874259 0.481231 -0.0639397
#_#tangent 0.444201 -0.846123 -0.294554
#_#binormal -0.195849 0.229114 -0.953494
vt 0.33017 0.146891
v 0.415217 0.162432 0.612469
vn -0.605541 -0.753084 -0.257265
#_#tangent -0.774082 0.482346 0.410049
#_#binormal -0.18471 0.447445 -0.875028
vt 0.610028 0.658548
v 0.415217 0.162432 0.612469
vn -0.605541 -0.753084 -0.257265
#_#tangent -0.774082 0.482346 0.410049
#_#binormal -0.18471 0.447445 -0.875028
vt 0.754673 0.235639
v 0.408627 0.394358 0.286837
vn 0.831405 0.402444 -0.38315
#_#tangent -0.509989 0.738449 -0.44114
#_#binormal 0.0813117 0.551935 0.829913
vt 0.75191 0.770424
v 0.408627 0.394358 0.286837
vn 0.831405 0.402444 -0.38315
#_#tangent -0.509989 0.738449 -0.44114
#_#binormal 0.0813117 0.551935 0.829913
vt 0.871047 0.926423
v 0.408627 0.394358 0.286837
vn 0.831405 0.402444 -0.38315
#_#tangent -0.509989 0.738449 -0.44114
#_#binormal 0.0813117 0.551935 0.829913
vt 0.647461 0.838952
v 0.362477 0.275467 0.227705
vn -0.459174 -0.332228 0.823883
#_#tangent 0.790397 0.270554 0.549611
#_#binormal -0.405501 0.903562 0.138361
vt 0.644709 0.586185
v 0.362477 0.275467 0.227705
vn -0.459174 -0.332228 0.823883
#_#tangent 0.790397 0.270554 0.549611
#_#binormal -0.405501 0.903562 0.138361
vt 0.450901 0.651678
v 0.455945 0.136992 0.794206
vn -0.77435 -0.28168 0.566602
#_#tangent -0.649957 0.359134 -0.66976
#_#binormal -0.0230465 -0.890206 -0.454975
vt 0.392485 0.741692
v 0.426874 0.38996 0.419594
vn 0.319355 -0.613018 -0.722649
#_#tangent 0.622763 0.710551 -0.327542
#_#binormal 0.714267 -0.345437 0.608683
vt 0.113835 0.64307
v 0.426874 0.38996 0.419594
vn 0.319355 -0.613018 -0.722649
#_#tangent 0.622763 0.710551 -0.327542
#_#binormal 0.714267 -0.345437 0.608683
vt 0.987702 0.695291
v 0.426874 0.38996 0.419594
vn 0.319355 -0.613018 -0.722649
#_#tangent 0.622763 0.710551 -0.327542
#_#binormal 0.714267 -0.345437 0.608683
vt 0.399003 0.111073
v 0.374419 0.307911 0.195256
vn -0.00986902 0.248834 -0.968496
#_#tangent -0.993258 0.109435 0.0382383
#_#binormal 0.115502 0.962344 0.246076
vt 0.935265 0.588935
v 0.3216 0.984768 0.220896
vn 0.887304 0.458316 0.0513559
#_#tangent -0.331405 0.556208 0.762104
#_#binormal 0.32072 -0.693238 0.645414
vt 0.727755 0.793396
v 0.494055 0.070336 0.641771
vn -0.384129 0.0685071 -0.920734
#_#tangent -0.905853 0.164871 0.390188
#_#binormal 0.178533 0.983933 -0.0012746
vt 0.433569 0.830852
v 0.494055 0.070336 0.641771
vn -0.384129 0.0685071 -0.920734
#_#tangent -0.905853 0.164871 0.390188
#_#binormal 0.178533 0.983933 -0.0012746
vt 0.65918 0.171644
v 0.54962 0.006313 0.75921
vn -0.207614 -0.850804 0.48273
#_#tangent 0.28831 0.418342 0.861318
#_#binormal -0.934759 0.317997 0.158441
vt 0.0374549 0.819834
v 0.560001 0.007024 0.747631
vn 0.840169 -0.541935 -0.0205519
#_#tangent 0.486862 0.7704 -0.411642
#_#binormal 0.238917 0.335843 0.911114
vt 0.14419 0.919114
v 0.560001 0.007024 0.747631
vn 0.840169 -0.541935 -0.0205519
#_#tangent 0.486862 0.7704 -0.411642
#_#binormal 0.238917 0.335843 0.911114
vt 0.0329523 0.807617
v 0.539357 0.626892 0.508769
vn 0.941901 0.223409 0.250822
#_#tangent 0.313794 -0.851636 -0.419821
#_#binormal 0.119817 0.474136 -0.872261
vt 0.0506159 0.745687
v 0.539357 0.626892 0.508769
vn 0.941901 0.223409 0.250822
#_#tangent 0.313794 -0.851636 -0.419821
#_#binormal 0.119817 0.474136 -0.872261
vt 0.204935 0.663086
v 0.539357 0.626892 0.508769
vn 0.941901 0.223409 0.250822
#_#tangent 0.313794 -0.851636 -0.419821
#_#binormal 0.119817 0.474136 -0.872261
vt 0.20612 0.11357
v 0.539357 0.626892 0.508769
vn 0.941901 0.223409 0.250822
#_#tangent 0.313794 -0.851636 -0.419821
#_#binormal 0.119817 0.474136 -0.872261
vt 0.529297 0.316406
v 0.457302 0.118631 0.643735
vn -0.177841 -0.389359 -0.903754
#_#tangent -0.954275 0.292475 0.0617773
#_#binormal 0.240272 0.873417 -0.42357
vt 0.699904 0.193953
v 0.533888 0.478262 0.582784
vn 0.782027 -0.0398951 0.621967
#_#tangent 0.452074 -0.650653 -0.610147
#_#binormal 0.429027 0.758326 -0.490793
vt 0.844717 0.0121768
v 0.533888 0.478262 0.582784
vn 0.782027 -0.0398951 0.621967
#_#tangent 0.452074 -0.650653 -0.610147
#_#binormal 0.429027 0.758326 -0.490793
vt 0.320296 0.0181253
v 0.533888 0.478262 0.582784
vn 0.782027 -0.0398951 0.621967
#_#tangent 0.452074 -0.650653 -0.610147
#_#binormal 0.429027 0.758326 -0.490793
vt 0.65216 0.156725
v 0.608717 0.454473 0.339344
vn 0.874715 -0.480756 -0.0612092
#_#tangent -0.174834 -0.430823 0.885339
#_#binormal -0.452002 -0.763718 -0.4609
vt 0.925408 0.834856
v 0.608717 0.454473 0.339344
vn 0.874715 -0.480756 -0.0612092
#_#tangent -0.174834 -0.430823 0.885339
#_#binormal -0.452002 -0.763718 -0.4609
vt 0.567059 0.762447
v 0.608717 0.454473 0.339344
vn 0.874715 -0.480756 -0.0612092
#_#tangent -0.174834 -0.430823 0.885339
#_#binormal -0.452002 -0.763718 -0.4609
vt 0.791016 0.577172
v 0.386026 0.236677 0.691392
vn -0.9474 0.283791 0.147971
#_#tangent -0.280697 -0.514653 -0.810149
#_#binormal -0.153759 -0.809071 0.567241
vt 0.900763 0.216157
v 0.386026 0.236677 0.691392
vn -0.9474 0.283791 0.147971
#_#tangent -0.280697 -0.514653 -0.810149
#_#binormal -0.153759 -0.809071 0.567241
vt 0.702037 0.299805
v 0.485804 0.421684 0.37947
vn 0.570251 -0.235616 -0.786955
#_#tangent 0.523639 -0.633865 0.569225
#_#binormal -0.632942 -0.736682 -0.238084
vt 0.682617 0.469527
v 0.485804 0.421684 0.37947
vn 0.570251 -0.235616 -0.786955
#_#tangent 0.523639 -0.633865 0.569225
#_#binormal -0.632942 -0.736682 -0.238084
vt 0.40775 0.044175
v 0.423823 0.21068 0.472039
vn -0.0821799 -0.439221 -0.894612
#_#tangent -0.993972 -0.0292464 0.105666
#_#binormal -0.0725749 0.897903 -0.43417
vt 0.279205 0.655664
v 0.423823 0.21068 0.472039
vn -0.0821799 -0.439221 -0.894612
#_#tangent -0.993972 -0.0292464 0.105666
#_#binormal -0.0725749 0.897903 -0.43417
vt 0.475704 0.294308
v 0.423823 0.21068 0.472039
vn -0.0821799 -0.439221 -0.894612
#_#tangent -0.993972 -0.0292464 0.105666
#_#binormal -0.0725749 0.897903 -0.43417
vt 0.299672 0.748047
v 0.506262 0.364302 0.448171
vn 0.362942 -0.250681 -0.897459
#_#tangent 0.73359 -0.517002 0.441083
#_#binormal -0.574559 -0.818454 -0.00374455
vt 0.485364 0.0663306
v 0.506262 0.364302 0.448171
vn 0.362942 -0.250681 -0.897459
#_#tangent 0.73359 -0.517002 0.441083
#_#binormal -0.574559 -0.818454 -0.00374455
vt 0.0480738 0.438391
v 0.36635 0.435919 0.541569
vn -0.948837 0.165503 0.268917
#_#tangent 0.214669 -0.286462 0.933733
#_#binormal 0.23157 0.943689 0.236277
vt 0.893577 0.505623
v 0.383299 0.183236 0.486237
vn 0.181066 -0.813497 -0.552664
#_#tangent 0.981535 0.114237 0.153423
#_#binormal -0.0616743 -0.570238 0.819161
vt 0.112397 0.761719
v 0.383299 0.183236 0.486237
vn 0.181066 -0.813497 -0.552664
#_#tangent 0.981535 0.114237 0.153423
#_#binormal -0.0616743 -0.570238 0.819161
vt 0.870636 0.778139
v 0.383299 0.183236 0.486237
vn 0.181066 -0.813497 -0.552664
#_#tangent 0.981535 0.114237 0.153423
#_#binormal -0.0616743 -0.570238 0.819161
vt 0.29267 0.792619
v 0.440122 0.430737 0.399873
vn -0.091553 0.0925767 -0.991488
#_#tangent -0.997875 -0.0296112 0.0580403
#_#binormal -0.0264603 0.998173 0.0543244
vt 0.110013 0.687215
v 0.53111 0.024412 0.73021
vn -0.0994829 -0.0322188 -0.994518
#_#tangent 0.568986 0.818105 -0.0834201
#_#binormal 0.816308 -0.574165 -0.0630554
vt 0.970324 0.913985
v 0.53111 0.024412 0.73021
vn -0.0994829 -0.0322188 -0.994518
#_#tangent 0.568986 0.818105 -0.0834201
#_#binormal 0.816308 -0.574165 -0.0630554
vt 0.169233 0.889602
v 0.499705 0.167987 0.788361
vn 0.331699 0.440984 0.833972
#_#tangent -0.895812 0.424419 0.131873
#_#binormal -0.2958 -0.790824 0.535818
vt 0.674892 0.776276
v 0.499705 0.167987 0.788361
vn 0.331699 0.440984 0.833972
#_#tangent -0.895812 0.424419 0.131873
#_#binormal -0.2958 -0.790824 0.535818
vt 0.65932 0.543629
v 0.354735 0.385821 0.471785
vn -0.967142 -0.19969 0.157355
#_#tangent 0.141176 0.0929125 0.985615
#_#binormal -0.211438 0.975444 -0.0616681
vt 0.09375 0.356723
v 0.354735 0.385821 0.471785
vn -0.967142 -0.19969 0.157355
#_#tangent 0.141176 0.0929125 0.985615
#_#binormal -0.211438 0.975444 -0.0616681
vt 0.588269 0.145508
v 0.354735 0.385821 0.471785
vn -0.967142 -0.19969 0.157355
#_#tangent 0.141176 0.0929125 0.985615
#_#binormal -0.211438 0.975444 -0.0616681
vt 0.933013 0.793
v 0.354735 0.385821 0.471785
vn -0.967142 -0.19969 0.157355
#_#tangent 0.141176 0.0929125 0.985615
#_#binormal -0.211438 0.975444 -0.0616681
vt 0.281163 0.614258
v 0.354735 0.385821 0.471785
vn -0.967142 -0.19969 0.157355
#_#tangent 0.141176 0.0929125 0.985615
#_#binormal -0.211438 0.975444 -0.0616681
vt 0.84668 0.445313
v 0.394775 0.243653 0.463395
vn -0.448409 -0.223391 -0.865463
#_#tangent 0.688333 0.531381 -0.493794
#_#binormal 0.570199 -0.817148 -0.084509
vt 0.260328 0.620753
v 0.394775 0.243653 0.463395
vn -0.448409 -0.223391 -0.865463
#_#tangent 0.688333 0.531381 -0.493794
#_#binormal 0.570199 -0.817148 -0.084509
vt 0.506852 0.323918
v 0.602195 0.534049 0.253717
vn -0.600739 0.794503 -0.0887613
#_#tangent 0.774672 0.60335 0.189348
#_#binormal 0.227661 0.0132526 -0.97365
vt 0.647284 0.736528
v 0.602195 0.534049 0.253717
vn -0.600739 0.794503 -0.0887613
#_#tangent 0.774672 0.60335 0.189348
#_#binormal 0.227661 0.0132526 -0.97365
vt 0.346559 0.564344
v 0.625828 0.518706 0.286213
vn 0.920756 0.290635 0.260267
#_#tangent 0.0163399 -0.695259 0.718574
#_#binormal 0.389796 -0.657379 -0.644913
vt 0.50513 0.806278
v 0.625828 0.518706 0.286213
vn 0.920756 0.290635 0.260267
#_#tangent 0.0163399 -0.695259 0.718574
#_#binormal 0.389796 -0.657379 -0.644913
vt 0.38523 0.579162
v 0.616042 0.52435 0.221081
vn 0.215798 0.892826 -0.395338
#_#tangent -0.187012 0.435174 0.88071
#_#binormal 0.958362 -0.116123 0.260879
vt 0.661063 0.765762
v 0.616042 0.52435 0.221081
vn 0.215798 0.892826 -0.395338
#_#tangent -0.187012 0.435174 0.88071
#_#binormal 0.958362 -0.116123 0.260879
vt 0.317953 0.974075
v 0.616042 0.52435 0.221081
vn 0.215798 0.892826 -0.395338
#_#tangent -0.187012 0.435174 0.88071
#_#binormal 0.958362 -0.116123 0.260879
vt 0.327148 0.589853
v 0.616042 0.52435 0.221081
vn 0.215798 0.892826 -0.395338
#_#tangent -0.187012 0.435174 0.88071
#_#binormal 0.958362 -0.116123 0.260879
vt 0.61066 0.604263
v 0.662036 0.460476 0.213998
vn 0.331818 -0.333082 0.882583
#_#tangent 0.840347 0.529464 -0.116121
#_#binormal -0.428618 0.780207 0.455591
vt 0.0725603 0.748977
v 0.662036 0.460476 0.213998
vn 0.331818 -0.333082 0.882583
#_#tangent 0.840347 0.529464 -0.116121
#_#binormal -0.428618 0.780207 0.455591
vt 0.521973 0.53624
v 0.627433 0.455989 0.206029
vn -0.349112 -0.575554 0.739499
#_#tangent -0.476918 0.788432 0.388489
#_#binormal -0.806641 -0.217054 -0.549743
vt 0.0552416 0.79086
v 0.581587 0.445203 0.322349
vn -0.49533 -0.560241 -0.663911
#_#tangent -0.832776 0.523753 0.179348
#_#binormal 0.247248 0.641726 -0.725986
vt 0.894531 0.845048
v 0.581587 0.445203 0.322349
vn -0.49533 -0.560241 -0.663911
#_#tangent -0.832776 0.523753 0.179348
#_#binormal 0.247248 0.641726 -0.725986
vt 0.471393 0.803711
v 0.581587 0.445203 0.322349
vn -0.49533 -0.560241 -0.663911
#_#tangent -0.832776 0.523753 0.179348
#_#binormal 0.247248 0.641726 -0.725986
vt 0.132813 0.259372
v 0.520391 0.164441 0.787559
vn 0.691863 0.529773 0.490578
#_#tangent -0.692649 0.678829 0.24378
#_#binormal -0.203871 -0.508461 0.836603
vt 0.643418 0.542205
v 0.48087 0.145425 0.650721
vn 0.252712 0.407948 -0.877334
#_#tangent -0.933206 -0.136649 -0.332346
#_#binormal -0.255466 0.902721 0.346167
vt 0.682573 0.206136
v 0.48087 0.145425 0.650721
vn 0.252712 0.407948 -0.877334
#_#tangent -0.933206 -0.136649 -0.332346
#_#binormal -0.255466 0.902721 0.346167
vt 0.603256 0.421238
v 0.48087 0.145425 0.650721
vn 0.252712 0.407948 -0.877334
#_#tangent -0.933206 -0.136649 -0.332346
#_#binormal -0.255466 0.902721 0.346167
vt 0.728516 0.957505
v 0.48087 0.145425 0.650721
vn 0.252712 0.407948 -0.877334
#_#tangent -0.933206 -0.136649 -0.332346
#_#binormal -0.255466 0.902721 0.346167
vt 0.442383 0.921902
v 0.525075 0.335175 0.510066
vn 0.994086 -0.107714 0.0138045
#_#tangent 0.059537 0.64475 0.762071
#_#binormal -0.0363539 -0.761519 0.647123
vt 0.495023 0.4375
v 0.525075 0.335175 0.510066
vn 0.994086 -0.107714 0.0138045
#_#tangent 0.059537 0.64475 0.762071
#_#binormal -0.0363539 -0.761519 0.647123
vt 0.0976831 0.478638
v 0.395961 0.428791 0.37626
vn -0.160742 0.954431 -0.251442
#_#tangent 0.985038 0.171169 0.0200124
#_#binormal 0.0621396 -0.244463 -0.967665
vt 0.179908 0.424147
v 0.501272 0.690652 0.531655
vn 0.0318034 0.395394 0.917961
#_#tangent -0.660657 0.697497 -0.277544
#_#binormal -0.750014 -0.59763 0.283403
vt 0.371376 0.389138
v 0.501272 0.690652 0.531655
vn 0.0318034 0.395394 0.917961
#_#tangent -0.660657 0.697497 -0.277544
#_#binormal -0.750014 -0.59763 0.283403
vt 0.205792 0.732247
v 0.353676 0.227009 0.524978
vn -0.992837 -0.00836477 0.119182
#_#tangent -0.102373 -0.45474 -0.884721
#_#binormal 0.0615975 -0.890585 0.450627
vt 0.191406 0.62593
v 0.353676 0.227009 0.524978
vn -0.992837 -0.00836477 0.119182
#_#tangent -0.102373 -0.45474 -0.884721
#_#binormal 0.0615975 -0.890585 0.450627
vt 0.53616 0.293877
v 0.353676 0.227009 0.524978
vn -0.992837 -0.00836477 0.119182
#_#tangent -0.102373 -0.45474 -0.884721
#_#binormal 0.0615975 -0.890585 0.450627
vt 0.838497 0.834121
v 0.353676 0.227009 0.524978
vn -0.992837 -0.00836477 0.119182
#_#tangent -0.102373 -0.45474 -0.884721
#_#binormal 0.0615975 -0.890585 0.450627
vt 0.685547 0.894308
v 0.396371 0.411479 0.600329
vn -0.702679 0.201724 0.682312
#_#tangent 0.65386 0.517696 0.551777
#_#binormal -0.210714 0.825014 -0.524359
vt 0.803594 0.448485
v 0.396371 0.411479 0.600329
vn -0.702679 0.201724 0.682312
#_#tangent 0.65386 0.517696 0.551777
#_#binormal -0.210714 0.825014 -0.524359
vt 0.956585 0.50322
v 0.478369 0.445839 0.614205
vn 0.367593 0.170138 0.914291
#_#tangent 0.691947 0.606822 -0.391121
#_#binormal -0.621357 0.776415 0.105337
vt 0.282227 0.552479
v 0.478369 0.445839 0.614205
vn 0.367593 0.170138 0.914291
#_#tangent 0.691947 0.606822 -0.391121
#_#binormal -0.621357 0.776415 0.105337
vt 0.591341 0.136732
v 0.478369 0.445839 0.614205
vn 0.367593 0.170138 0.914291
#_#tangent 0.691947 0.606822 -0.391121
#_#binormal -0.621357 0.776415 0.105337
vt 0.304904 0.473502
v 0.444066 0.412285 0.639316
vn 0.0532934 0.217792 0.974539
#_#tangent 0.269054 0.936702 -0.22405
#_#binormal -0.961649 0.274144 -0.00867785
vt 0.312854 0.58943
v 0.444066 0.412285 0.639316
vn 0.0532934 0.217792 0.974539
#_#tangent 0.269054 0.936702 -0.22405
#_#binormal -0.961649 0.274144 -0.00867785
vt 0.836973 0.404702
v 0.444066 0.412285 0.639316
vn 0.0532934 0.217792 0.974539
#_#tangent 0.269054 0.936702 -0.22405
#_#binormal -0.961649 0.274144 -0.00867785
vt 0.54878 0.114961
v 0.480085 0.299101 0.625629
vn 0.59791 -0.192935 0.777997
#_#tangent 0.436076 0.892691 -0.113756
#_#binormal -0.672564 0.407282 0.617883
vt 0.484666 0.552763
v 0.480085 0.299101 0.625629
vn 0.59791 -0.192935 0.777997
#_#tangent 0.436076 0.892691 -0.113756
#_#binormal -0.672564 0.407282 0.617883
vt 0.866211 0.410498
v 0.480085 0.299101 0.625629
vn 0.59791 -0.192935 0.777997
#_#tangent 0.436076 0.892691 -0.113756
#_#binormal -0.672564 0.407282 0.617883
vt 0.562321 0.00976563
v 0.458267 0.174507 0.646531
vn 0.928423 -0.0602224 -0.366611
#_#tangent -0.320984 -0.626915 -0.709892
#_#binormal -0.187083 0.776757 -0.601373
vt 0.677736 0.22923
v 0.458267 0.174507 0.646531
vn 0.928423 -0.0602224 -0.366611
#_#tangent -0.320984 -0.626915 -0.709892
#_#binormal -0.187083 0.776757 -0.601373
vt 0.717794 0.442334
v 0.458267 0.174507 0.646531
vn 0.928423 -0.0602224 -0.366611
#_#tangent -0.320984 -0.626915 -0.709892
#_#binormal -0.187083 0.776757 -0.601373
vt 0.633695 0.404297
v 0.61876 0.489863 0.260356
vn -0.0829314 -0.978386 -0.189428
#_#tangent -0.832134 0.172576 -0.527039
#_#binormal 0.548338 0.113922 -0.828461
vt 0.595384 0.754984
v 0.61876 0.489863 0.260356
vn -0.0829314 -0.978386 -0.189428
#_#tangent -0.832134 0.172576 -0.527039
#_#binormal 0.548338 0.113922 -0.828461
vt 0.386788 0.61483
v 0.61876 0.489863 0.260356
vn -0.0829314 -0.978386 -0.189428
#_#tangent -0.832134 0.172576 -0.527039
#_#binormal 0.548338 0.113922 -0.828461
vt 0.495816 0.875348
v 0.499866 0.418116 0.407885
vn 0.810523 -0.376869 -0.448354
#_#tangent 0.532887 0.156811 0.83153
#_#binormal -0.243071 -0.912897 0.327928
vt 0.701821 0.490412
v 0.499866 0.418116 0.407885
